Ι XLIV 95951 915 0151151 951 Zonaras.

113915 95511511 951 elstan 91151151 (p. 545 0-1. '592 91. ’

“ 95191951111911111511111. ·,

91191115111511915 1157 1511. - 9. 69115. dit
95151159511511151 91111151 1519111 51 1159 1115 5951 z. B.
115489, 111195191551,16111.115115151111111111111;

ι 1195111. 551 111. 1. 95115. 59 9155. 59, 95911. 915 15915·
151951 9511191195951115589159541151111111. 91511
11111 951 Codices 951915 (99981 1115111591511511-
11115115151111. Nun ist 159559 511 1115111511 11 9511 915.
9511. 670 151911951119 15195111115955 111 1195111151
0115 5111515911151, welches 1511· 9511111 1511151151 11951- ’
5111111111. 9951115 p. 561 511. 915. 9511. p. 614 11195111.
60, 31. 9511151595 1195191511 p. 551 909 mit 951· 0511.
11. 1. 204 111. - 119 pp. 565 9. 566 111119510511.
p. 208 sq.

1511 61. 9115115 11, 115 915 0591551951915 11191551151, ¹
111951 wir 915 9511999111 5111 9119111171 9155111151 11115-
115111. 815 1111111151 1599511151,915111115115119595111111111
1159 915151 1511115155 9115951 ,9111519151 115 waren 1111
951115111511111511151155 915 5111115 055115. 95 1511159151
11511 9511 11511 151151911, dass 1111151111,11111 &epea
dd γράφουσι 1. 1. w. 1115951111 1955151151 1119.

91591111111151151 9119159151951 15111151 1111111119 dd·
1511 151, 115 1111110159 11 9511111151 111 1159115115, 151-
9515 951 051151111111 8151159151151 5119511119, p.

¹ 56819 ὁ &vm 111115915111111511511 1151 ο “

· 9191151919151151115159 Νέρωνος 91515 1911191111 115115
1511111159 915 11151111 95511 waren 1151 11111, wie 1111 11111911.
61,395115115111,91519511515 151151119111 5111111111·

¹ 151951 115 11511159 11111511151155 und 1519119111 1151115,
1111115111 dte Σενέκας nad‘ ο Βαῦρρος φρονιματατοί 15
καὶ δυνατώτατοι ..... d μεν γαρ ἔπαρχος... ,9111 111-
Monam 11. τ d.

1111 9195 111115951951151511 111511 9511115115 115·
111151 11951 915951911111115 951 691111519511 111, ·-· eine
111111599511518111111111 5111 9515595151 9951111591 1111 915
8155511151 951 91159515. 91515111 15951151 111 9511111·

 

